102199000
102199001
102199002
102199003
102199004
102199005
102199006
102199007
102199008
102199009
102199010
102199011
102199012
102199013
102199014
102199015
102199016
102199017
102199018
102199019
102199020
102199021
102199022
102199023
102199024
102199025
102199026
102199027
102199028
102199029
102199030
102199031
102199032
102199033
102199034
102199035
102199036
102199037
102199038
102199039
102199040
102199041
102199042
102199043
102199044
102199045
102199046
102199047
102199048
102199049
102199050
102199051
102199052
102199053
102199054
102199055
102199056
102199057
102199058
102199059
102199060
102199061
102199062
102199063
102199064
102199065
102199066
102199067
102199068
102199069
102199070
102199071
102199072
102199073
102199074
102199075
102199076
102199077
102199078
102199079
102199080
102199081
102199082
102199083
102199084
102199085
102199086
102199087
102199088
102199089
102199090
102199091
102199092
102199093
102199094
102199095
102199096
102199097
102199098
102199099
102199100
102199101
102199102
102199103
102199104
102199105
102199106
102199107
102199108
102199109
102199110
102199111
102199112
102199113
102199114
102199115
102199116
102199117
102199118
102199119
102199120
102199121
102199122
102199123
102199124
102199125
102199126
102199127
102199128
102199129
102199130
102199131
102199132
102199133
102199134
102199135
102199136
102199137
102199138
102199139
102199140
102199141
102199142
102199143
102199144
102199145
102199146
102199147
102199148
102199149
102199150
102199151
102199152
102199153
102199154
102199155
102199156
102199157
102199158
102199159
102199160
102199161
102199162
102199163
102199164
102199165
102199166
102199167
102199168
102199169
102199170
102199171
102199172
102199173
102199174
102199175
102199176
102199177
102199178
102199179
102199180
102199181
102199182
102199183
102199184
102199185
102199186
102199187
102199188
102199189
102199190
102199191
102199192
102199193
102199194
102199195
102199196
102199197
102199198
102199199
102199200
102199201
102199202
102199203
102199204
102199205
102199206
102199207
102199208
102199209
102199210
102199211
102199212
102199213
102199214
102199215
102199216
102199217
102199218
102199219
102199220
102199221
102199222
102199223
102199224
102199225
102199226
102199227
102199228
102199229
102199230
102199231
102199232
102199233
102199234
102199235
102199236
102199237
102199238
102199239
102199240
102199241
102199242
102199243
102199244
102199245
102199246
102199247
102199248
102199249
102199250
102199251
102199252
102199253
102199254
102199255
102199256
102199257
102199258
102199259
102199260
102199261
102199262
102199263
102199264
102199265
102199266
102199267
102199268
102199269
102199270
102199271
102199272
102199273
102199274
102199275
102199276
102199277
102199278
102199279
102199280
102199281
102199282
102199283
102199284
102199285
102199286
102199287
102199288
102199289
102199290
102199291
102199292
102199293
102199294
102199295
102199296
102199297
102199298
102199299
102199300
102199301
102199302
102199303
102199304
102199305
102199306
102199307
102199308
102199309
102199310
102199311
102199312
102199313
102199314
102199315
102199316
102199317
102199318
102199319
102199320
102199321
102199322
102199323
102199324
102199325
102199326
102199327
102199328
102199329
102199330
102199331
102199332
102199333
102199334
102199335
102199336
102199337
102199338
102199339
102199340
102199341
102199342
102199343
102199344
102199345
102199346
102199347
102199348
102199349
102199350
102199351
102199352
102199353
102199354
102199355
102199356
102199357
102199358
102199359
102199360
102199361
102199362
102199363
102199364
102199365
102199366
102199367
102199368
102199369
102199370
102199371
102199372
102199373
102199374
102199375
102199376
102199377
102199378
102199379
102199380
102199381
102199382
102199383
102199384
102199385
102199386
102199387
102199388
102199389
102199390
102199391
102199392
102199393
102199394
102199395
102199396
102199397
102199398
102199399
102199400
102199401
102199402
102199403
102199404
102199405
102199406
102199407
102199408
102199409
102199410
102199411
102199412
102199413
102199414
102199415
102199416
102199417
102199418
102199419
102199420
102199421
102199422
102199423
102199424
102199425
102199426
102199427
102199428
102199429
102199430
102199431
102199432
102199433
102199434
102199435
102199436
102199437
102199438
102199439
102199440
102199441
102199442
102199443
102199444
102199445
102199446
102199447
102199448
102199449
102199450
102199451
102199452
102199453
102199454
102199455
102199456
102199457
102199458
102199459
102199460
102199461
102199462
102199463
102199464
102199465
102199466
102199467
102199468
102199469
102199470
102199471
102199472
102199473
102199474
102199475
102199476
102199477
102199478
102199479
102199480
102199481
102199482
102199483
102199484
102199485
102199486
102199487
102199488
102199489
102199490
102199491
102199492
102199493
102199494
102199495
102199496
102199497
102199498
102199499
102199500
102199501
102199502
102199503
102199504
102199505
102199506
102199507
102199508
102199509
102199510
102199511
102199512
102199513
102199514
102199515
102199516
102199517
102199518
102199519
102199520
102199521
102199522
102199523
102199524
102199525
102199526
102199527
102199528
102199529
102199530
102199531
102199532
102199533
102199534
102199535
102199536
102199537
102199538
102199539
102199540
102199541
102199542
102199543
102199544
102199545
102199546
102199547
102199548
102199549
102199550
102199551
102199552
102199553
102199554
102199555
102199556
102199557
102199558
102199559
102199560
102199561
102199562
102199563
102199564
102199565
102199566
102199567
102199568
102199569
102199570
102199571
102199572
102199573
102199574
102199575
102199576
102199577
102199578
102199579
102199580
102199581
102199582
102199583
102199584
102199585
102199586
102199587
102199588
102199589
102199590
102199591
102199592
102199593
102199594
102199595
102199596
102199597
102199598
102199599
102199600
102199601
102199602
102199603
102199604
102199605
102199606
102199607
102199608
102199609
102199610
102199611
102199612
102199613
102199614
102199615
102199616
102199617
102199618
102199619
102199620
102199621
102199622
102199623
102199624
102199625
102199626
102199627
102199628
102199629
102199630
102199631
102199632
102199633
102199634
102199635
102199636
102199637
102199638
102199639
102199640
102199641
102199642
102199643
102199644
102199645
102199646
102199647
102199648
102199649
102199650
102199651
102199652
102199653
102199654
102199655
102199656
102199657
102199658
102199659
102199660
102199661
102199662
102199663
102199664
102199665
102199666
102199667
102199668
102199669
102199670
102199671
102199672
102199673
102199674
102199675
102199676
102199677
102199678
102199679
102199680
102199681
102199682
102199683
102199684
102199685
102199686
102199687
102199688
102199689
102199690
102199691
102199692
102199693
102199694
102199695
102199696
102199697
102199698
102199699
102199700
102199701
102199702
102199703
102199704
102199705
102199706
102199707
102199708
102199709
102199710
102199711
102199712
102199713
102199714
102199715
102199716
102199717
102199718
102199719
102199720
102199721
102199722
102199723
102199724
102199725
102199726
102199727
102199728
102199729
102199730
102199731
102199732
102199733
102199734
102199735
102199736
102199737
102199738
102199739
102199740
102199741
102199742
102199743
102199744
102199745
102199746
102199747
102199748
102199749
102199750
102199751
102199752
102199753
102199754
102199755
102199756
102199757
102199758
102199759
102199760
102199761
102199762
102199763
102199764
102199765
102199766
102199767
102199768
102199769
102199770
102199771
102199772
102199773
102199774
102199775
102199776
102199777
102199778
102199779
102199780
102199781
102199782
102199783
102199784
102199785
102199786
102199787
102199788
102199789
102199790
102199791
102199792
102199793
102199794
102199795
102199796
102199797
102199798
102199799
102199800
102199801
102199802
102199803
102199804
102199805
102199806
102199807
102199808
102199809
102199810
102199811
102199812
102199813
102199814
102199815
102199816
102199817
102199818
102199819
102199820
102199821
102199822
102199823
102199824
102199825
102199826
102199827
102199828
102199829
102199830
102199831
102199832
102199833
102199834
102199835
102199836
102199837
102199838
102199839
102199840
102199841
102199842
102199843
102199844
102199845
102199846
102199847
102199848
102199849
102199850
102199851
102199852
102199853
102199854
102199855
102199856
102199857
102199858
102199859
102199860
102199861
102199862
102199863
102199864
102199865
102199866
102199867
102199868
102199869
102199870
102199871
102199872
102199873
102199874
102199875
102199876
102199877
102199878
102199879
102199880
102199881
102199882
102199883
102199884
102199885
102199886
102199887
102199888
102199889
102199890
102199891
102199892
102199893
102199894
102199895
102199896
102199897
102199898
102199899
102199900
102199901
102199902
102199903
102199904
102199905
102199906
102199907
102199908
102199909
102199910
102199911
102199912
102199913
102199914
102199915
102199916
102199917
102199918
102199919
102199920
102199921
102199922
102199923
102199924
102199925
102199926
102199927
102199928
102199929
102199930
102199931
102199932
102199933
102199934
102199935
102199936
102199937
102199938
102199939
102199940
102199941
102199942
102199943
102199944
102199945
102199946
102199947
102199948
102199949
102199950
102199951
102199952
102199953
102199954
102199955
102199956
102199957
102199958
102199959
102199960
102199961
102199962
102199963
102199964
102199965
102199966
102199967
102199968
102199969
102199970
102199971
102199972
102199973
102199974
102199975
102199976
102199977
102199978
102199979
102199980
102199981
102199982
102199983
102199984
102199985
102199986
102199987
102199988
102199989
102199990
102199991
102199992
102199993
102199994
102199995
102199996
102199997
102199998
102199999
